21/8

okay one
[
	(447.0, 171.0),
	(463.0, 176.0),
	(518.5926840274499, 577.7998180403047),
	(210.18093300011475, 363.71333849342057),
	(542.4319176486338, 297.92576801693383),
	(379.1999542748074, 584.9658295411072),
	(281.81523568331625, 237.3059267108666),
	(608.5497290305536, 443.4972472839678),
	(209.01030955228552, 517.1961524227063),
	(492.8865872342675, 620.5381642980888),
	(198.54134333670396, 556.8419894525066),
	(671.6363882336841, 411.7333962414662),
	(188.94500741594706, 257.27021997724034),
	(529.9226139291819, 307.9016048467252),
	(535.5340221459046, 314.93808818893467),
	(541.145430362631, 321.9745715311497),
	(523.5293742299874, 301.4886113063687),
	(519.788435418834, 296.79762241155566),
	(244.33576496560158, 376.30092974069305),
	(244.0111320107015, 367.2513654724781),
	(243.58846402973316, 386.2729677125053),
	(498.72354923985637, 522.5710439928031),
	(365.57418285563256, 554.5958056156201),
	(356.67470541960864, 553.2544252200317),
	(371.50716781298354, 555.4900592126793),
	(320.08405734347014, 263.25775301934584),
	(412.31331111309754, 244.73125759048582),
	(550.501886779209, 445.3230854631297),
	(328.87854466645723, 257.63870402655476),
	(312.19643722861457, 268.01691636936425),
	(381.2675337454838, 554.1366105376118),
	(349.46574657809236, 551.0307559111402),
	(544.7558991902947, 328.147862595402),
	(512.6908910666141, 290.242252799119),
	(492.01202273622266, 528.8362824362332),
	(503.8242221879052, 516.4883294028912),
	(244.16382568222764, 394.70030434827936),
	(244.4840617781617, 358.3011635776084),
]

# pretty good!
[
	(474.0, 126.0),
	(489.5152136499675, 133.5473277949709),
	(333.38694604640307, 620.5350335955156),
	(154.6597456647867, 328.4656753527871),
	(531.2899374988688, 635.5906456367552),
	(613.6677857897868, 284.60469110189183),
	(646.3285756855565, 475.71151035823465),
	(285.15875408082485, 185.40389510587212),
	(160.53916638198274, 523.241669750796),
	(642.0396719428772, 584.7749907476235),
	(690.7142309310191, 305.0092850106596),
	(126.04198682363591, 280.01247141282096),
	(519.9985120672509, 666.0871231413611),
	(243.59655033761302, 664.1267895040282),
	(343.00000000005593, 99.99999999998943),
	(97.32654644707895, 424.44955039152546),
	(210.61093193931976, 164.82181032436907),
	(611.638663752294, 182.61997330678363),
	(385.9410757600576, 701.2695581189968),
	(692.3615178830653, 449.292421944049),
	(155.85263290247318, 557.1243556529205),
	(337.6002416915837, 606.0006557345175),
	(326.1813985754073, 601.2456560617325),
	(351.44387325873566, 608.087247460978),
	(313.4756401006621, 598.3192757752253),
	(364.1496317334854, 611.0136277474876),
	(580.3854692459897, 295.7978767735316),
	(585.9968774627241, 302.8343601157466),
	(574.9324027098717, 287.3560721470025),
	(204.79555096570172, 355.2873275545284),
	(300.29343039732856, 200.50162913430188),
	(309.6824582566095, 196.52090610229536),
	(292.5943627122342, 206.96106848925814),
	(616.3603429370306, 481.1800591535291),
]

dancing 1
[
	(399.0, 216.0),
	(536.2533200954144, 521.8525041309227),
	(221.0288348105791, 419.68049874218184),
	(502.67703508970567, 252.88634847442827),
	(439.8310720517407, 571.8560028023724),
	(245.19673022247937, 316.73567590985823),
	(579.9678942351306, 339.53052799492275),
	(301.48145272258535, 587.3608706276415),
	(340.602621529806, 178.65874439935848),
	(604.7372667393942, 527.826646705928),
	(157.58771234136364, 445.5881869798146),
	(548.7548784718401, 198.74149426464464),
	(423.641740579037, 636.6982638347681),
	(230.7207227128946, 248.14965827777903),
	(613.9826488925522, 395.37118017992674),
	(261.7491855771864, 540.2808337280212),
	(565.6916026584881, 176.50214137835306),
	(429.17511832159363, 680.7878424556893),
	(186.3621559227001, 202.76949632979358),
	(702.5497059463296, 409.4167633393595),
	(153.27978870602283, 595.3308407268429),
	(123.51268222720046, 455.926407991243),
	(649.7813416941331, 545.366025403045),
	(304.5183755784439, 117.5973452712937),
	(287.8874570132822, 681.2041566283317),
	(668.5371279372139, 254.8593409163634),
	(95.62440929882496, 340.69991749322116),
	(597.4721757113392, 655.635951735725),
	(430.9686214984083, 62.11696627014794),
	(130.75713407987854, 631.6576766505256),
	(765.0777114011246, 422.8093103384827),
	(149.95923845805973, 120.24185880027272),
	(380.39780622296075, 778.3037853354463),
	(683.6859941369114, 149.4660567297273),
	(458.99999999924114, 71.99999999986352),
	(600.6748127571624, 691.2569647663001),
	(34.448874415360194, 353.55245341460045),
]

Better dancing
[
	(398.0, 216.99999999999997),
	(539.2384067167926, 517.7185885702384),
	(215.29551488880895, 429.2788862460616),
	(506.1407982219533, 234.77551345878965),
	(448.21460480738205, 603.4584770494166),
	(206.25214062763158, 279.1415415098101),
	(647.7678062199457, 357.0568491962283),
	(228.99364905388984, 603.8083117443836),
	(404.3788745640529, 131.35557802635788),
	(560.7271291177301, 600.0769601067861),
	(165.57004739631338, 359.5574812575521),
	(583.6975098620157, 279.5623610722353),
	(362.2430520030032, 598.250883675085),
	(284.53708105552647, 246.20040848941784),
	(582.2602170282169, 416.3160439085975),
	(265.7657529973841, 521.9268917492802),
	(399.00000000000045, 191.99999999999997),
	(534.9842208779982, 555.7698947613428),
	(202.4532054839826, 373.1622658101248),
	(557.1184972143416, 293.88789968572416),
	(359.5322678243157, 567.8432681180782),
	(323.9523324987556, 261.83071156143205),
	(534.12702160829, 445.999370370575),
	(275.58657048909805, 454.50961894322717),
	(459.0555452705065, 269.6142547177677),
	(443.8931917770805, 546.4595087920904),
	(257.7314032290724, 310.861644771562),
	(579.743635509049, 373.500462381578),
	(272.5136461725277, 549.4898979455686),
	(400.98442703529906, 149.14539887932656),
	(577.6108622074214, 577.5172713454563),
	(145.075907656362, 406.3013603906077),
	(578.2375196014425, 205.43282238176607),
	(219.76326216380744, 576.5324852092883),
	(655.8557158515243, 406.8449007373424),
	(232.30853501673326, 205.80017360521197),
	(375.2195657674978, 658.8859402888628),
	(404.9847397979937, 675.439925154554),
	(204.80131945233842, 191.26218571506507),
	(610.2775479024028, 218.64026673996054),
	(694.4170388700521, 431.29867765561687),
	(148.09430265399462, 569.686533480482),
	(104.92658893715924, 392.47124952334),
	(628.0396719436887, 609.0237020526973),
	(486.30148486282974, 103.2542271396764),
	(526.328836537144, 687.6769456511445),
	(114.77722933711135, 259.05330406360974),
	(710.4313013432866, 323.2835927176359),
	(215.10818705142222, 659.4745026097711),
	(368.16616506448344, 86.45318219873724),
]